top left
002:006:002:STREAM             1589460336.217563
 03 01 16 00 00 00 00 00

002:006:002:STREAM             1589460336.537539
 03 00 00 00 00 00 00 00
bottom left
002:006:002:STREAM             1589460338.833529
 03 03 2D 00 00 00 00 00

002:006:002:STREAM             1589460339.153524
 03 00 00 00 00 00 00 00
top right
002:006:002:STREAM             1589460341.585510
 03 01 19 00 00 00 00 00

002:006:002:STREAM             1589460341.921517
 03 00 00 00 00 00 00 00
bottom right
002:006:002:STREAM             1589460343.449477
 03 03 2E 00 00 00 00 00

002:006:002:STREAM             1589460343.969476
 03 00 00 00 00 00 00 00

