M 55 00 43 00 2D 00 4C 00 6F 00 67 00 69 00 63 00
P 41 00 36 00 34 00 30 00
S 64 12 03 B0 73 12 43 03 00 FF 1F D8 13 0A 00 00 00 00 00
S 65 04 03 91 67
S 6E 04 03 30 00
S 79 07 03 BE FF AF 00 00
S 7A 08 03 02 04 00 54 00 00
S 7B 0C 03 48 00 4B 00 20 00 4F 00 6E 00
S C8 20 03 46 00 36 00 31 00 30 00 5F 00 4F 00 30 00 38 00 31 00 30 00 5F 00 41 00 50 00 5F 00 54 00
S C9 20 03 46 00 36 00 31 00 30 00 5F 00 4F 00 30 00 38 00 31 00 30 00 5F 00 41 00 50 00 5F 00 54 00
S CA 20 03 46 00 36 00 31 00 30 00 5F 00 4F 00 30 00 38 00 31 00 30 00 5F 00 41 00 50 00 5F 00 54 00
