 06 07 FF 09 00 A1 01 85 07 09 20 A1 00 09 42 09
 44 09 45 09 3C 09 43 09 44 15 00 25 01 75 01 95
 06 81 02 09 32 75 01 95 01 81 02 81 03 05 01 09
 30 75 10 95 01 A4 55 0D 65 13 35 00 46 C6 16 26
 B0 73 81 42 09 31 46 34 0D 26 12 43 81 42 B4 05
 0D 09 30 26 FF 1F 46 FF 1F 55 00 66 11 E1 75 10
 81 02 09 3D 15 81 25 7F 75 08 95 01 81 02 09 3E
 15 81 25 7F 81 02 C0 C0 05 01 09 02 A1 01 85 09
 09 01 A1 00 05 09 19 01 29 03 15 00 25 01 95 03
 75 01 81 02 95 05 81 01 05 01 09 30 09 31 95 02
 75 10 35 00 46 40 1F 26 40 1F 81 02 05 0D 09 30
 26 FF 1F 46 FF 1F 95 01 75 10 81 02 C0 C0

